  1.0000000e+000 -2.0193303e-003  2.2665897e-001 -1.8825282e+001 -4.5938662e-003 -2.2726666e-002  1.2087167e+001 -6.3506679e+001  1.5027359e+001
  2.0000000e+000  2.5107497e-003 -2.5513478e-002 -9.8616504e+000  3.3582133e-004  1.6236463e-002  5.3813268e+001 -6.3506679e+001  1.5027359e+001
  3.0000000e+000  1.0114523e-003 -9.4955912e-002  1.3566562e+001 -2.6147379e-003 -9.0750513e-002 -1.5639205e+000 -6.3506679e+001  1.5027359e+001
  4.0000000e+000 -3.0264514e-005  1.8263935e-002  7.9607205e-001 -4.0560242e-005 -7.1859709e-004  6.8924904e+000 -6.3506679e+001  1.5027359e+001
  5.0000000e+000 -1.2092955e-003 -1.7080951e-002  1.5672610e+001 -4.9926567e-005 -1.6754522e-003 -7.5209968e+000 -6.3506679e+001  1.5027359e+001
  6.0000000e+000 -1.4514682e-003 -8.7217646e-003  1.9502952e+001 -1.4730383e-003 -6.0317472e-002  1.6069446e+002 -6.3506679e+001  1.5027359e+001
  1.0000000e+000  2.0942100e-001  2.2649949e+001  5.8356626e+002  5.9254378e-002  5.8549218e+000  1.4803009e+002 -6.1086508e+001 -5.0726853e+001
  2.0000000e+000 -1.0753927e-001 -1.1447704e+001 -3.0901522e+002  2.0824501e-003  2.7704076e-001  6.2845774e+001 -6.1086508e+001 -5.0726853e+001
  3.0000000e+000 -8.2726911e-002 -8.9074377e+000 -2.2177481e+002 -2.5162915e-002 -3.1048317e+000 -9.7887295e+001 -6.1086508e+001 -5.0726853e+001
  4.0000000e+000  1.2958909e-002  1.4172682e+000  3.8982508e+001  2.9310243e-003  3.0794054e-001  1.4902378e+001 -6.1086508e+001 -5.0726853e+001
  5.0000000e+000  1.3725697e-002  1.3138489e+000  4.4950020e+001  9.5762779e-005  9.2717009e-003 -7.3584738e+000 -6.1086508e+001 -5.0726853e+001
  6.0000000e+000  3.8440243e-002  3.9998881e+000  1.2094828e+002  1.5578861e-003 -4.6801274e-002  1.5259214e+002 -6.1086508e+001 -5.0726853e+001
  1.0000000e+000 -1.4883992e-002 -8.7572278e-001 -2.9328967e+001 -1.7356940e-002 -6.5020449e-001  5.6959495e+000 -2.5322535e+001  1.1955375e+001
  2.0000000e+000  1.2678563e-002  4.5927441e-001 -5.5024633e+000  7.8403339e-004  1.6451906e-002  5.3841399e+001 -2.5322535e+001  1.1955375e+001
  3.0000000e+000  6.0340520e-003  3.8297003e-001  1.8351674e+001 -8.0109290e-003 -1.8483027e-001 -2.6102060e+000 -2.5322535e+001  1.1955375e+001
  4.0000000e+000 -2.9913052e-004 -4.5330637e-002  1.0159331e-001 -1.2552469e-004 -4.4879030e-003  6.8487726e+000 -2.5322535e+001  1.1955375e+001
  5.0000000e+000 -5.2312747e-003 -1.5204921e-001  1.4513136e+001 -1.0879058e-004 -2.9864989e-003 -7.5502922e+000 -2.5322535e+001  1.1955375e+001
  6.0000000e+000 -7.1597714e-003 -2.1914097e-001  1.7798032e+001 -6.0183121e-003 -9.6884282e-002  1.6069156e+002 -2.5322535e+001  1.1955375e+001
