  1.0000000e+000 -1.1960591e-003  8.5097309e-002 -2.0914341e+001 -2.9375981e-003 -3.1838969e-001  1.3829284e+001 -8.2075102e+001  2.7535102e+001
  2.0000000e+000  1.6539669e-003 -1.6685995e-001 -7.4703810e+000 -2.0778586e-003 -1.7836517e-001  5.4361108e+001 -8.2075102e+001  2.7535102e+001
  3.0000000e+000  9.7766138e-004 -1.1253865e-001  1.2201543e+001 -1.3923201e-003 -3.6590349e-001 -8.0497492e-001 -8.2075102e+001  2.7535102e+001
  4.0000000e+000 -4.3833278e-004  1.4439390e-002  9.8424617e-001 -6.1408785e-005  1.1395193e-003  6.8820533e+000 -8.2075102e+001  2.7535102e+001
  5.0000000e+000 -4.9976081e-004  3.4409817e-002  1.5415842e+001 -7.7561418e-005 -4.2079740e-003 -7.4980544e+000 -8.2075102e+001  2.7535102e+001
  6.0000000e+000  3.8814790e-004  1.0084382e-001  1.8740594e+001  3.0984668e-004  8.0126411e-002  1.6027020e+002 -8.2075102e+001  2.7535102e+001
  1.0000000e+000 -2.5914484e-002 -2.7522806e+000 -9.5050001e+001  3.1835876e-002  2.9224706e+000  7.8448812e+001 -6.3695184e+001 -2.5955456e+001
  2.0000000e+000  4.6006280e-002  4.7320705e+000  1.1615042e+002  7.2230321e-003  5.8172773e-001  6.4694297e+001 -6.3695184e+001 -2.5955456e+001
  3.0000000e+000  3.0225498e-002  3.1210009e+000  9.3615536e+001  5.3667293e-002  5.2596560e+000  1.2763731e+002 -6.3695184e+001 -2.5955456e+001
  4.0000000e+000 -6.2896005e-003 -6.7570335e-001 -1.7521276e+001  7.9611241e-004  6.1311691e-002  7.7755667e+000 -6.3695184e+001 -2.5955456e+001
  5.0000000e+000 -1.1267293e-002 -1.1768713e+000 -1.5752011e+001  5.8676066e-004  5.0503275e-002 -6.5401315e+000 -6.3695184e+001 -2.5955456e+001
  6.0000000e+000 -1.4392928e-002 -1.4023371e+000 -1.5339963e+001 -1.1762847e-002 -1.1350538e+000  1.3301846e+002 -6.3695184e+001 -2.5955456e+001
  1.0000000e+000 -1.3767645e-003 -1.0112401e-001 -2.1507074e+001 -1.8656882e-003  1.8538480e-001  1.6833789e+001 -5.5269341e+001  7.6686079e+001
  2.0000000e+000  2.1391874e-003  1.6213077e-001 -5.7593220e+000 -1.1898501e-003  8.6110737e-002  5.5668150e+001 -5.5269341e+001  7.6686079e+001
  3.0000000e+000  1.1699727e-003  1.1564420e-001  1.3368969e+001 -2.8291901e-004  2.5923911e-001  2.7123450e+000 -5.5269341e+001  7.6686079e+001
  4.0000000e+000 -4.1374737e-004 -2.3672180e-002  8.1205152e-001 -1.0889890e-004  3.5599753e-004  6.8874802e+000 -5.5269341e+001  7.6686079e+001
  5.0000000e+000 -5.4706840e-004 -3.9362114e-002  1.5029586e+001 -1.0537670e-004  4.1533476e-003 -7.4449439e+000 -5.5269341e+001  7.6686079e+001
  6.0000000e+000  1.5027182e-005 -6.8058507e-002  1.7817438e+001  4.0962676e-006 -5.1765848e-002  1.5946731e+002 -5.5269341e+001  7.6686079e+001
